using LAPACK:
Eigenvectors: 
v[0] = -3.00887e-17 0.49714 -0.000916859 0.425774 1.29319e-17 1.025e-13 -0.469681 3.71296e-18 0.544645 0.233088 
v[1] = -1.5492e-16 -0.300675 0.671116 -0.325296 1.2779e-16 -5.23744e-14 0.11316 1.90813e-17 0.495553 0.308226 
v[2] = 0.0601249 -3.56216e-17 -1.10322e-16 3.26015e-17 0.428401 -2.05493e-15 1.13491e-17 0.901586 3.57063e-22 2.73114e-25 
v[3] = 0.459608 8.33692e-17 2.47964e-16 -6.80225e-17 -0.813661 4.05593e-15 -1.9934e-17 0.355972 2.76775e-22 4.27551e-25 
v[4] = 0.886084 -2.76966e-17 -8.94852e-17 2.81807e-17 0.392974 -1.97084e-15 1.07864e-17 -0.245818 -4.9737e-22 -2.25043e-24 
v[5] = 2.02302e-16 -0.36192 -0.413099 0.129296 3.27773e-15 0.707107 0.112863 -5.27391e-17 0.164778 0.376506 
v[6] = -8.4195e-17 0.509986 0.115103 0.160436 1.84662e-17 -1.26019e-13 0.70378 1.03739e-17 -0.164637 0.42251 
v[7] = -5.30121e-17 -0.248569 0.388441 0.415103 4.28029e-17 5.05943e-14 -0.353298 6.52479e-18 -0.573506 0.401606 
v[8] = 9.52921e-17 -0.36192 -0.413099 0.129296 -3.4962e-15 -0.707107 0.112863 1.22856e-17 0.164778 0.376506 
v[9] = -2.99853e-23 0.280362 -0.210158 -0.69384 3.1208e-17 7.15281e-14 -0.347841 4.14773e-22 -0.217879 0.476814 
